[12 193 24 33 120 184 170 45 185 167 180 63 125 181 212 222 214 149 198 12 174 205 189 5 32 165 86 33 110 43 36 34]
[10 87 254 25 141 66 82 92 19 16 183 242 106 89 201 200 215 112 9 86 112 87 150 188 33 243 125 137 190 142 180 59]
12
[12]
false
193
[193]
false
24
[24]
false
33
[33]
true
120
[120]
false
184
[184]
false
170
[170]
false
45
[45]
false
185
[185]
false
167
[167]
false
180
[180]
true
63
[63]
false
125
[125]
true
181
[181]
false
212
[212]
false
222
[222]
false
214
[214]
false
149
[149]
false
198
[198]
false
12
[12]
false
174
[174]
false
205
[205]
false
189
[189]
false
5
[5]
false
32
[32]
false
165
[165]
false
86
[86]
true
33
[33]
true
110
[110]
false
43
[43]
false
36
[36]
false
34
[34]
false
0
